22102 12 0
22115 7 0
22115 12 0
22115 12 0
22115 12 0
22115 12 0
22102 12 0
22115 12 0
22113 12 0
22113 12 1
22115 12 0
22113 12 0
22115 12 0
22113 12 0
22102 12 0
22113 12 0
22113 12 0
22113 12 0
22115 10 0
22115 10 0
22115 10 0
22115 10 0
22115 10 0
22115 10 0
22115 10 0
22115 9 0
22115 9 0
22115 9 1
22115 9 0
22102 12 1
22114 12 1
22113 10 0
22113 10 1
22113 10 0
22113 10 0
22113 10 0
22113 10 0
22113 10 0
22115 1 0
22113 3 1
22113 3 0
22113 3 0
22113 3 0
22113 3 0
22113 3 1
22113 3 0
22113 3 0
22102 12 0
22113 3 0
22113 3 0
22115 3 0
22115 3 0
22115 3 0
22115 3 0
22115 3 0
22115 3 1
22115 3 0
22115 3 0
22115 3 1
22115 3 0
22114 12 1
22115 7 1
22115 7 0
22115 7 0
22115 7 0
22113 7 0
22113 7 0
22113 7 0
22113 7 0
22113 7 0
22113 13 0
22113 13 1
22113 13 0
22113 13 0
22113 13 0
22113 13 0
22113 13 0
22113 13 0
22113 13 1
22113 13 1
22113 13 0
22113 13 0
22115 13 0
22115 13 0
22115 13 0
22115 13 0
22115 13 0
22115 13 0
22115 13 0
22115 13 0
22115 13 0
22115 13 0
22115 13 1
22115 13 0
22114 12 1
22114 12 0
22115 8 0
22115 8 0
22115 4 0
22115 4 0
22115 5 0
22115 5 0
22115 8 0
22115 8 0
22115 6 0
22115 6 0
22115 6 0
22115 6 1
22115 6 0
22115 2 1
22115 2 0
22115 2 1
22115 2 0
22115 2 0
22115 2 0
22115 2 0
22115 2 0
22115 2 0
22115 2 0
22115 2 0
22115 2 0
22115 11 1
22115 11 0
22115 11 0
22115 11 0
22114 12 1
22115 11 0
22114 12 1
22105 12 1
22105 12 0
22105 12 0
22105 12 0
22105 12 0
22105 12 0
22105 12 0
22114 12 0
22103 12 0
22108 7 1
22108 7 0
22103 12 0
22108 7 1
22103 12 0
22103 12 0
22108 7 1
22103 12 0
22108 7 0
22103 3 0
22103 3 1
22103 3 1
22114 10 0
22114 10 1
22114 10 0
22114 10 1
22114 10 0
22114 10 1
22114 10 1
22114 9 0
22114 9 0
22114 9 0
22114 9 1
22114 11 1
22114 11 1
22114 11 0
22114 11 0
22114 11 0
22113 6 1
22113 6 0
22113 6 0
22113 6 0
22113 6 0
22113 9 0
22113 9 0
22113 9 0
22113 9 0
22113 8 0
22113 8 0
22114 3 0
22114 3 1
22114 3 1
22114 3 0
22114 3 1
22114 3 0
22114 3 1
22114 3 1
22114 3 0
22114 3 1
22114 7 0
22114 7 0
22108 3 1
22108 3 1
22108 3 0
22114 5 0
22113 8 0
22113 8 0
22114 5 0
22113 1 0
22113 2 0
22113 2 0
22113 2 0
22113 2 0
22113 2 0
22113 2 0
22113 2 0
22113 2 0
22113 2 0
22113 2 0
22113 2 1
22113 2 0
22113 11 0
22113 11 1
22113 11 0
22113 11 0
22113 11 0
22113 4 0
22113 4 0
22113 5 0
22113 5 1
22114 4 0
22114 4 0
22114 2 1
22114 2 1
22114 2 1
22114 2 0
22114 2 0
22114 2 0
22114 2 0
22114 2 0
22114 2 0
22114 2 0
22114 2 0
22114 2 0
22114 1 0
22114 8 0
22105 9 0
22105 9 0
22105 9 0
22105 9 0
22110 12 0
22110 12 0
22110 12 0
22110 12 0
22114 7 1
22114 7 1
22114 7 1
22114 13 0
22114 13 0
22114 13 1
22114 13 1
22114 13 0
22114 13 1
22114 13 1
22114 13 0
22114 13 1
22114 13 1
22114 13 0
22114 13 1
22114 6 0
22114 6 1
22114 6 1
22114 6 1
22114 6 0
22109 12 0
22102 7 1
22102 7 0
22102 7 1
22102 13 1
22102 13 0
22102 13 0
22102 13 0
22102 13 0
22112 12 0
22112 12 0
22114 8 0
22104 12 0
22104 12 1
22104 12 0
22104 12 0
22104 12 0
22104 12 0
22104 12 1
22104 10 0
22104 10 1
22104 10 0
22104 10 1
22104 10 0
22104 10 1
22107 12 0
22107 12 1
22107 12 1
22107 12 1
22107 12 0
22107 12 1
22107 12 1
22107 10 1
22107 10 0
22107 10 0
22107 10 0
22107 10 1
22107 10 1
22107 10 1
22107 7 1
22107 7 1
22107 7 1
22107 7 0
22107 7 1
22104 10 1
22109 7 0
22109 7 0
22109 7 0
22109 12 0
22109 12 0
22109 12 0
22109 12 0
22104 3 1
22104 3 1
22104 3 1
22104 3 1
22104 3 0
22104 3 1
22104 3 1
22104 3 1
22104 3 0
22104 3 1